# Created by Octave 4.2.1, Sat Sep 01 19:59:34 2018 GMT <unknown@unknown>
# name: SSS
# type: matrix
# rows: 1
# columns: 4
 0.7347312666831941 1 1 -7.414745217705002e+026


