# Created by Octave 4.2.1, Sun Aug 19 22:44:18 2018 GMT <unknown@unknown>
# name: SSS
# type: matrix
# rows: 1
# columns: 4
 0.007021436255598396 NaN NaN -Inf


