# Created by Octave 4.2.1, Sun Aug 19 22:53:11 2018 GMT <unknown@unknown>
# name: SSS
# type: matrix
# rows: 1
# columns: 4
 1 1 1 -9.633582780363287e+130


