# Created by Octave 4.2.1, Sun Aug 19 22:56:12 2018 GMT <unknown@unknown>
# name: SSS
# type: matrix
# rows: 1
# columns: 4
 0.3468690461943539 0.7961293242287865 0.8180920111941883 -2.308981047296273


