# Created by Octave 4.2.1, Sun Sep 02 15:12:07 2018 GMT <unknown@unknown>
# name: SSS
# type: matrix
# rows: 1
# columns: 4
 0.5922803215408914 0.5864787561852931 0.7081693056957745 0.01541316459191977


