# Created by Octave 4.2.1, Sat Nov 24 16:30:54 2018 GMT <unknown@unknown>
# name: SSS
# type: matrix
# rows: 1
# columns: 4
 0 2.021137094636221e-016 4.042274189272442e-016 -2.220446049250313e-016


