# Created by Octave 4.2.1, Sun Aug 26 18:28:21 2018 GMT <unknown@unknown>
# name: SSS
# type: matrix
# rows: 1
# columns: 4
 0.9946466955588288 1 1 -1.241961585619814e+049


