# Created by Octave 4.2.1, Sun Aug 26 18:28:51 2018 GMT <unknown@unknown>
# name: SSS
# type: matrix
# rows: 1
# columns: 4
 0.8458198888582856 1 1 -1.295558376233825e+025


