# Created by Octave 4.2.1, Sun Aug 26 18:24:20 2018 GMT <unknown@unknown>
# name: SSS
# type: matrix
# rows: 1
# columns: 4
 0.9874700018637278 0.9874353917027069 0.9909823488872151 0.002304189162599668


