# Created by Octave 4.2.1, Sun Aug 26 18:25:15 2018 GMT <unknown@unknown>
# name: SSS
# type: matrix
# rows: 1
# columns: 4
 0.9945699867547285 0.9945617040241354 0.9951675339772513 0.001264919014767552


