# Created by Octave 4.2.1, Sun Sep 02 15:19:18 2018 GMT <unknown@unknown>
# name: SSS
# type: matrix
# rows: 1
# columns: 4
 0.104236390442559 0.09126986759377526 0.1362988042738867 0.01567592053457045


