# Created by Octave 4.2.1, Sun Sep 02 15:21:44 2018 GMT <unknown@unknown>
# name: SSS
# type: matrix
# rows: 1
# columns: 4
 0.3775921317791491 0.3579604862722799 0.4410167903494405 0.05291298070413619


