# Created by Octave 4.2.1, Sun Aug 26 18:20:00 2018 GMT <unknown@unknown>
# name: SSS
# type: matrix
# rows: 1
# columns: 4
 0.9402765822071087 0.9401873651869279 0.9497259678054807 0.0004636981600727452


