# Created by Octave 4.2.1, Sun Aug 26 18:19:05 2018 GMT <unknown@unknown>
# name: SSS
# type: matrix
# rows: 1
# columns: 4
 0.9161376027325435 0.9157036377980085 0.9559971800758884 0.001711852966310268


