# Created by Octave 4.2.1, Sun Jul 22 20:00:34 2018 GMT <unknown@unknown>
# name: SSS
# type: matrix
# rows: 1
# columns: 4
 0.9999999999999998 1.000000000000003 1.000000000000003 1.216247530661391


