# Created by Octave 4.2.1, Sun Aug 19 22:52:35 2018 GMT <unknown@unknown>
# name: SSS
# type: matrix
# rows: 1
# columns: 4
 0.3753093265755271 1.673306234408518 1.610633726644472 1.322564042311486


