# Created by Octave 4.2.1, Sun Aug 19 22:51:57 2018 GMT <unknown@unknown>
# name: SSS
# type: matrix
# rows: 1
# columns: 4
 0.8526550914105522 1 1 -1.166288298455258e+085


