# Created by Octave 4.2.1, Sat Nov 24 16:25:13 2018 GMT <unknown@unknown>
# name: SSS
# type: matrix
# rows: 1
# columns: 4
 0.06276906009308618 0.02240487575152843 0.02543141288970729 0.02265650337597758


