# Created by Octave 4.2.1, Sun Sep 23 22:57:52 2018 GMT <unknown@unknown>
# name: SSS
# type: matrix
# rows: 1
# columns: 4
 0.04138797082248413 0.0209790646015854 0.0299279887957374 0.02760105950031289


