# Created by Octave 4.2.1, Sat Nov 03 22:23:51 2018 GMT <unknown@unknown>
# name: SSS
# type: matrix
# rows: 1
# columns: 4
 0.01150312746332682 0.01011239270307784 0.01827683591353486 0.000770928592932707


