# Created by Octave 4.2.1, Sun Jul 22 19:53:43 2018 GMT <unknown@unknown>
# name: SSS
# type: matrix
# rows: 1
# columns: 4
 0.9309137809393611 1.079572579058568 1.040831277085528 1.384428180154911


