# Created by Octave 4.2.1, Sun Jul 22 19:56:35 2018 GMT <unknown@unknown>
# name: SSS
# type: matrix
# rows: 1
# columns: 4
 0.8925631722848728 1 1 -2.188174454941868e+209


