# Created by Octave 4.2.1, Tue Jul 03 19:39:03 2018 GMT <unknown@unknown>
# name: SSS
# type: matrix
# rows: 1
# columns: 4
 0.985552415641651 1 1 -4.374553998035537e+206


