# Created by Octave 4.2.1, Tue Jul 03 19:35:14 2018 GMT <unknown@unknown>
# name: SSS
# type: matrix
# rows: 1
# columns: 4
 0.9912709586231561 1.008883410953648 1.004422063971065 1.386350858013004


