# Created by Octave 4.2.1, Tue Jul 03 19:36:58 2018 GMT <unknown@unknown>
# name: SSS
# type: matrix
# rows: 1
# columns: 4
 0.7909360040558596 1.376173187290778 1.158310509226676 1.363415384311878


