# Created by Octave 4.2.1, Wed Jun 27 13:45:33 2018 GMT <unknown@unknown>
# name: SSS
# type: matrix
# rows: 1
# columns: 4
 1 1 1 0.600122306742652


