# Created by Octave 4.2.1, Tue Jul 03 19:38:29 2018 GMT <unknown@unknown>
# name: SSS
# type: matrix
# rows: 1
# columns: 4
 0.9959566456472386 1.068235189853799 1.032991987656212 1.216398470453986


