# Created by Octave 4.2.1, Wed Jun 27 12:49:18 2018 GMT <unknown@unknown>
# name: SSS
# type: matrix
# rows: 1
# columns: 4
 0.9202936783422924 -2.843276281276023 3.085024540442472 1.216990689516657


