# Created by Octave 4.2.1, Sat Nov 03 22:58:25 2018 GMT <unknown@unknown>
# name: SSS
# type: matrix
# rows: 1
# columns: 4
 0.3892048404680578 0.3806231796651217 0.3811605838574627 0.0180192358504514


