# Created by Octave 4.2.1, Sat Nov 24 16:22:33 2018 GMT <unknown@unknown>
# name: SSS
# type: matrix
# rows: 1
# columns: 4
 0 1.712101878358916e-016 3.42420375671783e-016 -2.220446049250313e-016


