# Created by Octave 4.2.1, Sat Nov 03 22:59:48 2018 GMT <unknown@unknown>
# name: SSS
# type: matrix
# rows: 1
# columns: 4
 0.01395997545065569 0.002306426781410632 0.004403360736958922 0.0151485701136298


