# Created by Octave 4.2.1, Sat Nov 03 22:58:46 2018 GMT <unknown@unknown>
# name: SSS
# type: matrix
# rows: 1
# columns: 4
 0.01320246518841969 0.007983322769573456 0.01510978895722717 0.006823242340567415


