# Created by Octave 4.2.1, Tue Jul 10 22:29:25 2018 GMT <unknown@unknown>
# name: SSS
# type: matrix
# rows: 1
# columns: 4
 0.5543872650926569 1 1 -1.191896191345294e+161


