# Created by Octave 4.2.1, Tue Jul 10 22:28:12 2018 GMT <unknown@unknown>
# name: SSS
# type: matrix
# rows: 1
# columns: 4
 0.8479705274860631 1 1 -1.535753475550285e+050


