# Created by Octave 4.2.1, Sun Aug 19 22:42:17 2018 GMT <unknown@unknown>
# name: SSS
# type: matrix
# rows: 1
# columns: 4
 0.6817810899635037 NaN NaN -Inf


