# Created by Octave 4.2.1, Sun Sep 09 20:05:49 2018 GMT <unknown@unknown>
# name: SSS
# type: matrix
# rows: 1
# columns: 4
 0.2672357438190457 0.2543157465290345 0.3467259407428074 0.02613956557579611


