# Created by Octave 4.2.1, Sun Sep 09 20:07:51 2018 GMT <unknown@unknown>
# name: SSS
# type: matrix
# rows: 1
# columns: 4
 0.03648268233472048 0.01644680853682275 0.03059086782330835 0.03073274488190392


