# Created by Octave 4.2.1, Sun Sep 09 20:06:26 2018 GMT <unknown@unknown>
# name: SSS
# type: matrix
# rows: 1
# columns: 4
 0.2855914047396256 0.2730236693684794 0.3696597165002539 0.02608120614188003


