# Created by Octave 4.2.1, Sat Nov 24 16:33:37 2018 GMT <unknown@unknown>
# name: SSS
# type: matrix
# rows: 1
# columns: 4
 0.009986427501412452 0.005301552101960027 0.01044566940656917 0.007105547053301242


