# Created by Octave 4.2.1, Sat Nov 24 15:53:16 2018 GMT <unknown@unknown>
# name: SSS
# type: matrix
# rows: 1
# columns: 4
 0.3878273934815106 0.3585560344818952 0.3776379467603062 0.0761941685798857


