# Created by Octave 4.2.1, Sun Sep 09 20:07:05 2018 GMT <unknown@unknown>
# name: SSS
# type: matrix
# rows: 1
# columns: 4
 0.009986427501412454 0.005301552101960028 0.01044566940656917 0.007105547053301242


