# Created by Octave 4.2.1, Sun Jul 22 20:01:50 2018 GMT <unknown@unknown>
# name: SSS
# type: matrix
# rows: 1
# columns: 4
 1 1 1 1.386294361119891


