# Created by Octave 4.2.1, Sat Nov 24 16:15:36 2018 GMT <unknown@unknown>
# name: SSS
# type: matrix
# rows: 1
# columns: 4
 0.0006242251844166216 943.3159205304446 2.014173655027137 0.6877262632236063


