# Created by Octave 4.2.1, Sun Sep 16 10:46:14 2018 GMT <unknown@unknown>
# name: SSS
# type: matrix
# rows: 1
# columns: 4
 0.06863370158302888 1 1 -2.657186021718428e+031


