# Created by Octave 4.2.1, Sat Nov 03 22:45:29 2018 GMT <unknown@unknown>
# name: SSS
# type: matrix
# rows: 1
# columns: 4
 0.4943266167577406 1 1 -3.056508324399036e+016


