# Created by Octave 4.2.1, Sat Nov 03 22:46:18 2018 GMT <unknown@unknown>
# name: SSS
# type: matrix
# rows: 1
# columns: 4
 0.09163626814180106 0.09115296249601004 0.111968050852023 0.0003653308388433807


