# Created by Octave 4.2.1, Wed Jun 27 12:48:20 2018 GMT <unknown@unknown>
# name: SSS
# type: matrix
# rows: 1
# columns: 4
 0.9937686794441595 1 1 -1.392568238502391e+051


