# Created by Octave 4.2.1, Wed Jun 27 12:47:33 2018 GMT <unknown@unknown>
# name: SSS
# type: matrix
# rows: 1
# columns: 4
 0.6895097185432452 1 1 -4.802886253251229e+048


