# Created by Octave 4.2.1, Wed Jun 27 12:50:01 2018 GMT <unknown@unknown>
# name: SSS
# type: matrix
# rows: 1
# columns: 4
 0 6.024057659252437e-016 1.204811531850487e-015 -1.110223024625157e-016


