# Created by Octave 4.2.1, Sat Nov 03 23:13:27 2018 GMT <unknown@unknown>
# name: SSS
# type: matrix
# rows: 1
# columns: 4
 0.006071675437308008 0.0004643631990104537 0.000873768144002535 0.006163124059396896


