# Created by Octave 4.2.1, Sun Sep 09 21:00:55 2018 GMT <unknown@unknown>
# name: SSS
# type: matrix
# rows: 1
# columns: 4
 0.4295878433521602 NaN NaN -Inf


