# Created by Octave 4.2.1, Sat Nov 24 16:12:13 2018 GMT <unknown@unknown>
# name: SSS
# type: matrix
# rows: 1
# columns: 4
 0.615156738463812 NaN NaN -Inf


