# Created by Octave 4.2.1, Sun Sep 09 20:59:13 2018 GMT <unknown@unknown>
# name: SSS
# type: matrix
# rows: 1
# columns: 4
 0.5228164102187455 NaN NaN -Inf


