# Created by Octave 4.2.1, Sun Sep 09 21:00:01 2018 GMT <unknown@unknown>
# name: SSS
# type: matrix
# rows: 1
# columns: 4
 0.6136195572303001 NaN NaN -Inf


