# Created by Octave 4.2.1, Sat Nov 03 22:17:47 2018 GMT <unknown@unknown>
# name: SSS
# type: matrix
# rows: 1
# columns: 4
 0.003771162508073017 190.0540433949054 2.133788156541278 0.5197514122002176


