# Created by Octave 4.2.1, Sat Nov 03 23:06:18 2018 GMT <unknown@unknown>
# name: SSS
# type: matrix
# rows: 1
# columns: 4
 0.2476694426968619 0.2375680599216627 0.2638144536325249 0.02845804155765252


