# Created by Octave 4.2.1, Sat Nov 03 23:08:27 2018 GMT <unknown@unknown>
# name: SSS
# type: matrix
# rows: 1
# columns: 4
 0.03842412792901843 0.0288970060784072 0.05240057721658204 0.01693534588386392


