# Created by Octave 4.2.1, Sat Nov 24 16:20:12 2018 GMT <unknown@unknown>
# name: SSS
# type: matrix
# rows: 1
# columns: 4
 0 -0.7192456826000533 -5.123666052660958 0.722165879853591


