# Created by Octave 4.2.1, Sun Aug 19 22:48:30 2018 GMT <unknown@unknown>
# name: SSS
# type: matrix
# rows: 1
# columns: 4
 0.4881430633642487 1.511859562264648 1.511855684646031 1.386290805560121


