# Created by Octave 4.2.1, Sun Aug 19 22:55:32 2018 GMT <unknown@unknown>
# name: SSS
# type: matrix
# rows: 1
# columns: 4
 0.9856995303967508 NaN NaN -Inf


