# Created by Octave 4.2.1, Sun Aug 19 22:56:49 2018 GMT <unknown@unknown>
# name: SSS
# type: matrix
# rows: 1
# columns: 4
 1 NaN NaN -Inf


